function [ my_map ] = jet2black()
% This function creates a custom colormap that is simmilar to jet but with
% the lowest level being black.

my_map = [0,0,0;...
           0,0,0;...
           0,0,0;...
           0,0,0;...
           0,0,0;...
           0,0,0;...
           0,0.00961538497358561,0.125000000000000;...
           0,0.0192307699471712,0.250000000000000;...
           0,0.0288461558520794,0.375000000000000;...
           0,0.0384615398943424,0.500000000000000;...
           0,0.0480769239366055,0.625000000000000;...
           0,0.0576923117041588,0.750000000000000;...
           0,0.0673076957464218,0.875000000000000;...
           0,0.0769230797886848,1;...
           0,0.169230774044991,1;...
           0,0.261538475751877,1;...
           0,0.353846162557602,1;...
           0,0.446153849363327,1;...
           0,0.538461565971375,1;...
           0,0.630769252777100,1;...
           0,0.723076939582825,1;...
           0,0.815384626388550,1;...
           0,0.907692313194275,1;...
           0,1,1;...
           0.0625000000000000,1,0.937500000000000;...
           0.125000000000000,1,0.875000000000000;...
           0.187500000000000,1,0.812500000000000;...
           0.250000000000000,1,0.750000000000000;...
           0.312500000000000,1,0.687500000000000;...
           0.375000000000000,1,0.625000000000000;...
           0.437500000000000,1,0.562500000000000;...
           0.500000000000000,1,0.500000000000000;...
           0.562500000000000,1,0.437500000000000;...
           0.625000000000000,1,0.375000000000000;...
           0.687500000000000,1,0.312500000000000;...
           0.750000000000000,1,0.250000000000000;...
           0.812500000000000,1,0.187500000000000;...
           0.875000000000000,1,0.125000000000000;...
           0.937500000000000,1,0.0625000000000000;...
           1,1,0;...
           1,0.937500000000000,0;...
           1,0.875000000000000,0;...
           1,0.812500000000000,0;...
           1,0.750000000000000,0;...
           1,0.687500000000000,0;...
           1,0.625000000000000,0;...
           1,0.562500000000000,0;...
           1,0.500000000000000,0;...
           1,0.437500000000000,0;...
           1,0.375000000000000,0;...
           1,0.312500000000000,0;...
           1,0.250000000000000,0;...
           1,0.187500000000000,0;...
           1,0.125000000000000,0;...
           1,0.0625000000000000,0;...
           1,0,0;...
           0.937500000000000,0,0;...
           0.875000000000000,0,0;...
           0.812500000000000,0,0;...
           0.750000000000000,0,0;...
           0.687500000000000,0,0;...
           0.625000000000000,0,0;...
           0.562500000000000,0,0;...
           0.500000000000000,0,0];


end

